종목명                                                                       당일 매수                                               당일 매도                                                            제세금                                                                          손익                        수익률 대출일            신용구분                                                           이전
매입평균
                                                                                평균가          수량                  매입금액          평균가          수량                  매도금액                    수수료                      세금                      이자                                                                                                                                                            
포스코DX                                                                        26,500           100                 2,650,000                                                                                84                         0                         0                       -84                          0.00                   현금                                                                       26,500
카카오                                                                          57,900            43                 2,489,700          56,800            43                 2,442,400                       167                     3,663                         0                   -51,130                         -2.05                   현금                                                                       57,900
유진테크                                                                        46,350            50                 2,317,500          45,450            50                 2,272,500                       155                     3,408                         0                   -48,563                         -2.09                   현금                                                                       46,350
SK이노베이션                                                                   117,800            20                 2,356,000                                                                                74                         0                         0                       -74                          0.00                   현금                                                                      117,800
SK오션플랜트                                                                    20,350           125                 2,543,750          19,964           125                 2,495,520                       170                     3,742                         0                   -52,142                         -2.04                   현금                                                                       20,350
로보티즈                                                                        82,800            30                 2,484,000                                                                                78                         0                         0                       -78                          0.00                   현금                                                                       82,800
실리콘투                                                                        50,600            43                 2,175,800                                                                                69                         0                         0                       -69                          0.00                   현금                                                                       50,600
인투셀                                                                          26,100            95                 2,479,500          26,750            95                 2,541,250                       170                     3,811                         0                    57,769                          2.32                   현금                                                                       26,100
엠오티                                                                           7,490           158                 1,183,420                                                                                43                         0                         0                       -43                          0.00                   현금                                                                        7,490
